3 0.365625 0.2890625 0.08984375 0.228125
5 0.66171875 0.490625 0.09921875 0.1734375
4 0.43984375 0.77734375 0.0546875 0.26796875
5 0.93046875 0.50859375 0.11484375 0.1765625
4 0.6015625 0.90234375 0.0703125 0.19140625
4 0.25546875 0.57890625 0.03671875 0.15
5 0.440625 0.1671875 0.03984375 0.06953125
4 0.48828125 0.52890625 0.040625 0.1578125
5 0.8359375 0.39609375 0.08984375 0.13671875
5 0.87734375 0.44921875 0.09375 0.15546875
5 0.78671875 0.35625 0.0859375 0.1359375
4 0.44453125 0.209375 0.02265625 0.084375
5 0.53359375 0.1953125 0.04609375 0.08671875
5 0.9671875 0.5875 0.06484375 0.20078125
5 0.4875 0.11328125 0.034375 0.0640625
4 0.29296875 0.38515625 0.03125 0.08203125
4 0.359375 0.14296875 0.01875 0.0609375
5 0.3609375 0.084375 0.0328125 0.059375
4 0.571875 0.18125 0.01953125 0.071875
5 0.41484375 0.07265625 0.02890625 0.04765625