5 0.496875 0.18046875 0.04453125 0.078125
5 0.61015625 0.41875 0.084375 0.15078125
5 0.903125 0.503125 0.1109375 0.178125
3 0.3421875 0.30390625 0.09609375 0.2421875
5 0.95234375 0.57890625 0.0953125 0.1953125
4 0.2328125 0.58125 0.0375 0.1484375
4 0.33046875 0.15625 0.01953125 0.05625
5 0.85546875 0.44609375 0.09453125 0.1578125
5 0.91015625 0.91015625 0.1734375 0.1734375
4 0.4328125 0.240625 0.0234375 0.09765625
5 0.8109375 0.3921875 0.0890625 0.14140625
4 0.47734375 0.6765625 0.05234375 0.240625
5 0.4203125 0.18984375 0.04140625 0.07578125
4 0.26796875 0.3875 0.03046875 0.08828125
5 0.7625 0.3515625 0.08203125 0.13203125
5 0.45703125 0.103125 0.034375 0.06015625
5 0.39140625 0.08359375 0.03046875 0.0515625
5 0.334375 0.08828125 0.0328125 0.05390625
5 0.98671875 0.67734375 0.0265625 0.20546875
3 0.4609375 0.05078125 0.040625 0.07890625
4 0.53046875 0.15234375 0.01484375 0.06328125