5 0.71484375 0.6203125 0.13125 0.22578125
5 0.48046875 0.15 0.03984375 0.07578125
3 0.353125 0.3796875 0.10625 0.29609375
5 0.56015625 0.31640625 0.0671875 0.12265625
5 0.91015625 0.49296875 0.1109375 0.175
5 0.80859375 0.38828125 0.09140625 0.12890625
4 0.23515625 0.59453125 0.03671875 0.1484375
5 0.9515625 0.5734375 0.0921875 0.196875
5 0.434375 0.2640625 0.05234375 0.09765625
5 0.8578125 0.44375 0.09453125 0.15625
5 0.7609375 0.3515625 0.08203125 0.12734375
5 0.39296875 0.1125 0.03359375 0.05703125
4 0.45 0.3296875 0.0265625 0.11015625
4 0.32265625 0.20625 0.02109375 0.05703125
4 0.26953125 0.39921875 0.0265625 0.08984375
5 0.44921875 0.0921875 0.0328125 0.06015625
5 0.33359375 0.09921875 0.03203125 0.0546875
5 0.9875 0.67109375 0.025 0.2046875