5 0.6796875 0.76484375 0.15078125 0.259375
5 0.934375 0.671875 0.125 0.21484375
3 0.25078125 0.6015625 0.15 0.43046875
5 0.86796875 0.58125 0.11875 0.184375
5 0.659375 0.39375 0.08046875 0.121875
5 0.35234375 0.40703125 0.06875 0.128125
5 0.53046875 0.48828125 0.0890625 0.159375
4 0.221875 0.3515625 0.03046875 0.06953125
5 0.4234375 0.29765625 0.0546875 0.09765625
5 0.74921875 0.46796875 0.09453125 0.14609375
4 0.36796875 0.4765625 0.03984375 0.13125
5 0.2984375 0.20859375 0.0375 0.07265625
5 0.80234375 0.52109375 0.10078125 0.16640625
4 0.13828125 0.6890625 0.03671875 0.1546875
5 0.3625 0.1890625 0.03671875 0.0640625
5 0.70234375 0.41796875 0.0859375 0.12890625
4 0.1671875 0.48046875 0.028125 0.08828125
5 0.290625 0.1578125 0.03203125 0.05703125