5 0.42578125 0.58203125 0.103125 0.21171875
5 0.3734375 0.29921875 0.05390625 0.1015625
5 0.59375 0.54453125 0.1015625 0.18828125
4 0.18671875 0.54375 0.0421875 0.13359375
4 0.7625 0.61640625 0.059375 0.1734375
4 0.1859375 0.66328125 0.03828125 0.15546875
5 0.625 0.346875 0.08125 0.109375
5 0.91875 0.609375 0.128125 0.190625
5 0.85625 0.534375 0.1078125 0.17421875
5 0.4484375 0.2421875 0.046875 0.084375
5 0.42578125 0.20390625 0.03984375 0.07421875
5 0.35 0.1953125 0.040625 0.07109375
5 0.79609375 0.4765625 0.08984375 0.1515625
5 0.759375 0.43046875 0.084375 0.13359375
5 0.9640625 0.69375 0.071875 0.2171875
2 0.33125 0.128125 0.03359375 0.06484375