5 0.9015625 0.615625 0.12734375 0.19296875
5 0.3984375 0.46484375 0.078125 0.15078125
5 0.95546875 0.7078125 0.0890625 0.2171875
5 0.45859375 0.32578125 0.05703125 0.10625
5 0.41796875 0.21796875 0.0390625 0.06640625
4 0.1703125 0.67890625 0.03828125 0.1484375
5 0.68046875 0.4109375 0.0890625 0.121875
5 0.8359375 0.53984375 0.109375 0.1703125
4 0.515625 0.378125 0.03359375 0.10234375
5 0.5546875 0.33671875 0.07109375 0.10078125
4 0.1765625 0.56640625 0.03828125 0.121875
5 0.39453125 0.18359375 0.0328125 0.0625
5 0.7828125 0.48828125 0.08828125 0.153125
5 0.353125 0.27890625 0.04921875 0.09296875
2 0.321875 0.18515625 0.03984375 0.0734375