5 0.42109375 0.55625 0.09453125 0.1890625
5 0.54375 0.32890625 0.06640625 0.09921875
5 0.9015625 0.61171875 0.12421875 0.190625
5 0.9578125 0.70859375 0.084375 0.21875
2 0.3265625 0.203125 0.04375 0.07421875
5 0.64609375 0.39375 0.08203125 0.11640625
4 0.17734375 0.68203125 0.0390625 0.1484375
5 0.3625 0.31015625 0.05078125 0.0953125
4 0.1828125 0.56796875 0.03828125 0.12578125
5 0.4453125 0.2875 0.04765625 0.08984375
5 0.84296875 0.54375 0.1078125 0.16953125
5 0.78515625 0.49609375 0.09140625 0.153125
5 0.41328125 0.209375 0.03828125 0.06484375
4 0.4765625 0.33203125 0.02734375 0.08671875