5 0.45390625 0.6984375 0.1203125 0.2546875
4 0.18046875 0.6875 0.03671875 0.15078125
4 0.184375 0.5703125 0.03984375 0.12265625
5 0.36875 0.353125 0.0578125 0.1140625
5 0.43671875 0.2671875 0.04296875 0.07890625
5 0.909375 0.615625 0.12890625 0.18984375
5 0.9578125 0.7078125 0.084375 0.221875
5 0.53046875 0.32265625 0.0640625 0.09921875
5 0.61328125 0.38125 0.08125 0.11015625
5 0.84375 0.54609375 0.109375 0.16953125
4 0.45390625 0.3 0.02265625 0.08046875
2 0.3328125 0.22734375 0.0453125 0.08359375
5 0.7859375 0.4953125 0.09140625 0.14765625
5 0.40390625 0.2 0.0359375 0.0671875