4 0.184375 0.559375 0.03828125 0.12421875
5 0.50625 0.875 0.16875 0.24921875
5 0.9046875 0.60859375 0.12578125 0.1890625
2 0.3375 0.24296875 0.05078125 0.09140625
5 0.89296875 0.88828125 0.1953125 0.2203125
5 0.3796875 0.40390625 0.06640625 0.1296875
5 0.9578125 0.70859375 0.084375 0.2171875
4 0.1796875 0.68046875 0.03984375 0.14921875
5 0.57421875 0.3546875 0.07265625 0.10703125
4 0.4421875 0.2640625 0.021875 0.078125
5 0.4234375 0.234375 0.040625 0.0734375
5 0.50859375 0.3015625 0.05859375 0.096875
5 0.84140625 0.53984375 0.1109375 0.1671875
5 0.39609375 0.18125 0.0296875 0.059375
5 0.7875 0.49375 0.09296875 0.1515625
4 0.32890625 0.16953125 0.0125 0.04375