5 0.43359375 0.63046875 0.1046875 0.2125
2 0.34453125 0.3234375 0.065625 0.128125
5 0.5984375 0.525 0.0984375 0.1625
4 0.18046875 0.57109375 0.0390625 0.121875
4 0.17734375 0.690625 0.0375 0.153125
5 0.47109375 0.278125 0.046875 0.084375
5 0.9578125 0.709375 0.084375 0.21875
5 0.50703125 0.31953125 0.06015625 0.0984375
5 0.9046875 0.61484375 0.12734375 0.19140625
5 0.784375 0.4921875 0.0921875 0.15234375
4 0.33046875 0.21015625 0.0140625 0.05703125
5 0.84296875 0.54375 0.1078125 0.17109375
2 0.32578125 0.14921875 0.03203125 0.07109375
5 0.39453125 0.19765625 0.034375 0.06484375
4 0.42578125 0.21953125 0.015625 0.06328125
5 0.3828125 0.1671875 0.028125 0.05859375