5 0.45 0.7109375 0.121875 0.24609375
5 0.459375 0.27109375 0.04375 0.08125
2 0.3453125 0.346875 0.06953125 0.1359375
5 0.95625 0.70859375 0.0875 0.21640625
5 0.90078125 0.61484375 0.1265625 0.190625
4 0.178125 0.56953125 0.0390625 0.1234375
5 0.49453125 0.30390625 0.05859375 0.0953125
5 0.83515625 0.540625 0.1078125 0.1671875
5 0.78359375 0.49140625 0.08984375 0.153125
4 0.41875 0.215625 0.01484375 0.05390625
5 0.5671875 0.47890625 0.0875 0.14921875
4 0.3296875 0.22109375 0.0125 0.05859375
4 0.16796875 0.68984375 0.0359375 0.1515625
2 0.32578125 0.15078125 0.03359375 0.07265625
5 0.3921875 0.19296875 0.0328125 0.0609375