5 0.51875 0.89765625 0.171875 0.203125
2 0.36015625 0.38828125 0.0796875 0.1578125
5 0.53359375 0.42265625 0.075 0.128125
4 0.17734375 0.68671875 0.0375 0.15
5 0.9015625 0.60625 0.12578125 0.1921875
5 0.9578125 0.7078125 0.084375 0.2171875
4 0.1828125 0.56796875 0.0375 0.125
5 0.83828125 0.54296875 0.1078125 0.17109375
5 0.48046875 0.28671875 0.053125 0.0828125
5 0.78515625 0.49609375 0.0921875 0.15703125
5 0.45390625 0.25625 0.04140625 0.078125
2 0.32890625 0.16640625 0.034375 0.075
4 0.3359375 0.23359375 0.0140625 0.06328125
5 0.3875 0.1765625 0.03359375 0.059375
4 0.41640625 0.19921875 0.0125 0.05234375