2 0.45234375 0.80859375 0.18359375 0.37890625
5 0.953125 0.7109375 0.09375 0.21640625
5 0.8359375 0.54921875 0.10703125 0.16796875
2 0.3359375 0.2359375 0.04921875 0.1015625
4 0.1625 0.69453125 0.0390625 0.153125
5 0.89609375 0.6265625 0.12578125 0.19609375
4 0.17421875 0.5765625 0.03828125 0.1265625
5 0.7734375 0.48984375 0.0984375 0.15625
5 0.45390625 0.309375 0.0546875 0.0953125
5 0.42578125 0.23828125 0.0421875 0.07109375
4 0.34453125 0.35 0.0234375 0.090625
2 0.3234375 0.1671875 0.03359375 0.06953125