2 0.1125 0.728125 0.1546875 0.2328125
2 0.41171875 0.69765625 0.14296875 0.2328125
2 0.6171875 0.46640625 0.11484375 0.134375
2 0.86640625 0.5828125 0.146875 0.171875
2 0.16328125 0.45234375 0.10859375 0.13046875
2 0.23984375 0.246875 0.065625 0.08125
2 0.63984375 0.75703125 0.16484375 0.2359375
2 0.4484375 0.1640625 0.04609375 0.0609375
2 0.59140625 0.19921875 0.05625 0.065625
2 0.5328125 0.109375 0.0390625 0.0484375
2 0.38515625 0.22109375 0.0609375 0.0765625
2 0.44765625 0.115625 0.0375 0.046875
2 0.353125 0.1234375 0.0375 0.0578125
4 0.48515625 0.23671875 0.03046875 0.07734375
2 0.378125 0.08125 0.0375 0.0453125
2 0.44375 0.06875 0.04296875 0.06875
2 0.32421875 0.05703125 0.0265625 0.0359375
2 0.3921875 0.0421875 0.02734375 0.0609375
2 0.49921875 0.07734375 0.034375 0.0453125