2 0.3875 0.4328125 0.1515625 0.23359375
2 0.50625 0.2546875 0.15234375 0.20859375
2 0.16796875 0.2765625 0.140625 0.178125
2 0.47890625 0.0796875 0.10703125 0.13671875
2 0.6671875 0.36875 0.1625 0.19765625
2 0.7 0.83359375 0.22734375 0.2890625
2 0.0890625 0.0515625 0.1 0.103125
2 0.134375 0.80625 0.23671875 0.3875
2 0.13984375 0.125 0.1109375 0.14921875
2 0.6046875 0.64375 0.209375 0.2484375
2 0.92890625 0.8421875 0.1421875 0.2921875
2 0.359375 0.24140625 0.121875 0.1546875
2 0.340625 0.13203125 0.1109375 0.1421875
2 0.54375 0.153125 0.10078125 0.1453125
2 0.4359375 0.7953125 0.20625 0.31796875
2 0.2109375 0.525 0.14296875 0.25859375
2 0.41484375 0.06015625 0.0921875 0.1203125
2 0.28203125 0.05234375 0.09453125 0.1046875
2 0.35546875 0.03984375 0.096875 0.0796875