3 0.35546875 0.365625 0.140625 0.23828125
3 0.40859375 0.71640625 0.2234375 0.45234375
3 0.56171875 0.2 0.11875 0.171875
3 0.54765625 0.0921875 0.08203125 0.1078125
2 0.2421875 0.221875 0.1 0.109375
3 0.3640625 0.17421875 0.09921875 0.15859375
3 0.15 0.71640625 0.21640625 0.453125
3 0.475 0.44921875 0.1484375 0.265625
2 0.4703125 0.15546875 0.0734375 0.10234375
3 0.378125 0.0359375 0.071875 0.071875
3 0.60703125 0.1359375 0.10078125 0.13984375
4 0.01171875 0.2328125 0.0234375 0.10234375
3 0.84921875 0.4171875 0.121875 0.234375
3 0.684375 0.29296875 0.0765625 0.20390625