2 0.16875 0.78515625 0.1296875 0.21328125
2 0.375 0.33359375 0.0375 0.06171875
4 0.26953125 0.46796875 0.02265625 0.0828125
2 0.409375 0.2953125 0.028125 0.0390625
4 0.2875 0.60546875 0.02734375 0.10546875
4 0.315625 0.47890625 0.021875 0.08046875
2 0.44921875 0.25078125 0.0203125 0.02578125
2 0.44296875 0.28515625 0.02109375 0.04140625
2 0.4 0.4546875 0.05625 0.10703125
4 0.41953125 0.35546875 0.01328125 0.04765625
2 0.45546875 0.5453125 0.059375 0.14140625
2 0.40546875 0.2484375 0.02265625 0.028125
4 0.36171875 0.4 0.01328125 0.06875