2 0.3015625 0.50546875 0.0734375 0.13046875
4 0.196875 0.81015625 0.04921875 0.1703125
2 0.06796875 0.93125 0.1359375 0.134375
4 0.065625 0.77890625 0.0484375 0.1625
4 0.16953125 0.60625 0.03125 0.11484375
4 0.09453125 0.62265625 0.0328125 0.09609375
2 0.34453125 0.65703125 0.07734375 0.13203125
2 0.4390625 0.73046875 0.078125 0.20625
2 0.4625 0.4546875 0.04296875 0.0890625
2 0.38125 0.50078125 0.0578125 0.10703125
2 0.36328125 0.36640625 0.0375 0.06171875
2 0.4625 0.3421875 0.02578125 0.0515625