2 0.37109375 0.534375 0.071875 0.13203125
2 0.35703125 0.37109375 0.04296875 0.07265625
4 0.24296875 0.60546875 0.03046875 0.1203125
4 0.18359375 0.609375 0.03515625 0.121875
4 0.3203125 0.4890625 0.021875 0.090625
2 0.46484375 0.34375 0.034375 0.06640625
4 0.421875 0.35 0.01484375 0.0515625
2 0.4421875 0.27421875 0.025 0.03828125
5 0.0546875 0.98515625 0.109375 0.0296875
2 0.39453125 0.321875 0.0265625 0.046875
4 0.39609375 0.41484375 0.01484375 0.06484375
2 0.44921875 0.665625 0.07265625 0.1984375
4 0.2109375 0.8109375 0.04609375 0.11015625
1 0.2484375 0.06484375 0.47421875 0.12890625
2 0.4375 0.30859375 0.03125 0.04765625