2 0.1375 0.83359375 0.175 0.3328125
2 0.3671875 0.54765625 0.06328125 0.11953125
2 0.36171875 0.3640625 0.0453125 0.0734375
2 0.446875 0.24921875 0.028125 0.04765625
2 0.3734375 0.29140625 0.03203125 0.0484375
2 0.3171875 0.4625 0.0578125 0.103125
4 0.09375 0.6296875 0.04140625 0.11328125
2 0.47734375 0.2265625 0.02109375 0.03515625
2 0.4671875 0.3515625 0.03046875 0.0640625
2 0.41484375 0.3828125 0.03828125 0.0765625
2 0.325 0.728125 0.09609375 0.1921875
2 0.453125 0.625 0.06875 0.17734375
2 0.4578125 0.440625 0.03828125 0.09765625
4 0.2265625 0.51015625 0.0234375 0.08046875