3 0.85234375 0.6171875 0.23359375 0.5109375
2 0.4109375 0.8125 0.1546875 0.375
5 0.584375 0.590625 0.09140625 0.21171875
5 0.584375 0.434375 0.09296875 0.134375
5 0.57421875 0.34140625 0.07578125 0.1265625
5 0.5671875 0.25 0.05234375 0.09296875
2 0.65234375 0.20078125 0.06171875 0.1015625
6 0.44609375 0.45390625 0.1359375 0.32734375
2 0.475 0.2484375 0.06484375 0.1390625
0 0.1453125 0.5671875 0.06171875 0.18046875
0 0.3921875 0.23046875 0.02421875 0.07890625
4 0.42734375 0.13359375 0.0171875 0.07265625
5 0.546875 0.096875 0.03984375 0.06796875
4 0.60546875 0.1171875 0.01640625 0.06484375