3 0.43203125 0.13046875 0.04921875 0.096875
3 0.4390625 0.05859375 0.03671875 0.0703125
2 0.62890625 0.7 0.12734375 0.384375
6 0.4109375 0.7 0.1609375 0.4765625
2 0.3234375 0.5546875 0.14921875 0.31015625
2 0.6890625 0.3984375 0.1109375 0.17265625
5 0.3015625 0.38515625 0.071875 0.11875
2 0.39296875 0.28359375 0.0734375 0.1109375
2 0.47421875 0.19921875 0.04140625 0.08984375
2 0.5609375 0.215625 0.05234375 0.134375
4 0.60078125 0.3109375 0.028125 0.103125
5 0.61015625 0.1296875 0.03203125 0.07109375
2 0.53671875 0.08515625 0.0328125 0.06796875