3 0.52734375 0.14921875 0.03125 0.0515625
2 0.284375 0.6265625 0.1578125 0.32109375
4 0.56015625 0.7015625 0.0375 0.17421875
4 0.640625 0.82578125 0.05 0.18828125
4 0.6359375 0.5890625 0.028125 0.134375
4 0.66953125 0.38671875 0.02265625 0.1
2 0.4609375 0.4078125 0.05546875 0.11875
2 0.5390625 0.3484375 0.059375 0.1515625
5 0.6390625 0.3 0.05 0.08828125
5 0.5875 0.271875 0.03671875 0.07734375
2 0.4515625 0.2671875 0.04453125 0.08046875
2 0.40859375 0.215625 0.04609375 0.07265625
5 0.56484375 0.50078125 0.08671875 0.13203125
4 0.4859375 0.2578125 0.015625 0.06875