3 0.328125 0.221875 0.08828125 0.20546875
2 0.4234375 0.52109375 0.08828125 0.2484375
4 0.33671875 0.54609375 0.03046875 0.16015625
4 0.29609375 0.6578125 0.04453125 0.16796875
4 0.35 0.840625 0.0515625 0.21171875
4 0.42421875 0.846875 0.04375 0.225
4 0.28828125 0.8484375 0.04609375 0.21640625
2 0.59609375 0.7828125 0.15078125 0.43359375
5 0.5359375 0.475 0.0765625 0.16015625
5 0.61484375 0.36875 0.06953125 0.1359375
5 0.7609375 0.43671875 0.103125 0.18828125
0 0.19296875 0.440625 0.0515625 0.125